x y pH CE MO N P K CIC Arcilla
482831.262187537 484221.261044323 7.20 0.413 1.35 6.19 4.92 0.22 8.28 18.15
482843.46718291 484222.363896664 6.60 0.511 1.39 7.56 9.31 0.33 7.01 20.70
482851.234536305 484225.678403613 7.14 0.371 1.29 6.82 5.14 0.31 9.11 15.50
482861.220709833 484227.887085029 6.70 0.503 1.48 7.21 7.92 0.37 5.98 20.70
482836.805705969 484201.363253947 6.67 0.508 1.61 7.39 8.94 0.39 6.62 20.66
482847.901862993 484205.782443512 6.71 0.333 1.38 5.99 7.52 0.35 6.92 25.46
482855.66899002 484207.991581691 6.63 0.422 1.75 6.17 8.33 0.38 5.86 26.10
482866.765145081 484212.410773711 6.56 0.343 1.69 6.81 12.57 0.33 4.97 23.68
482876.75131971 484214.619457025 6.58 0.369 1.80 5.78 16.58 0.41 7.04 23.24
482844.569416092 484186.991852802 6.60 0.402 1.71 5.62 7.75 0.30 6.64 20.92
482854.55559443 484189.200533568 6.57 0.362 1.88 5.49 8.92 0.25 5.62 23.05
482864.541772199 484191.409215514 6.68 0.389 1.90 5.18 6.77 0.26 7.28 23.01
482872.309355005 484195.829093685 6.64 0.415 1.53 6.24 8.62 0.32 8.27 28.89
482882.295758781 484199.143146925 6.53 0.408 1.86 6.11 11.32 0.34 5.16 26.15
482849.003642985 484168.199661501 6.55 0.370 1.97 5.07 12.54 0.27 6.09 23.54
482857.880526092 484171.513940575 6.60 0.445 1.49 6.31 9.35 0.33 7.88 25.93
482868.97645831 484174.827763815 6.62 0.323 1.70 5.3 8.04 0.22 5.44 31.19
482880.072162232 484177.036219307 6.54 0.502 1.66 6.12 10.13 0.35 6.39 31.38
482887.839518216 484180.350729733 6.62 0.323 1.44 5.24 7.51 0.21 5.61 30.74
482854.547624983 484150.512611243 6.58 0.525 1.73 5.11 8.66 0.40 9.02 25.67
482862.314984504 484153.82711939 6.39 0.438 2.15 4.7 33 0.42 7.11 25.88
482873.410691416 484156.035574087 6.69 0.380 1.64 4.22 7.35 0.35 9.48 34.65
482883.397099861 484159.349627594 6.51 0.362 1.48 4.85 5.21 0.38 9.40 34.00
482892.274209594 484163.769279504 6.20 0.377 2.25 5.19 24 0.29 6.07 33.92
482857.87278612 484133.931387668 6.17 0.552 1.83 5.23 27 0.27 4.96 23.49
482868.968495803 484136.139841861 6.39 0.465 2.13 4.97 35 0.33 5.81 35.93
482876.735856023 484139.454351369 6.41 0.516 1.67 5.36 40 0.39 6.79 30.67
482886.722266288 484142.768405327 6.43 0.378 2.08 4.38 22 0.35 7.07 32.89
482895.599150427 484146.082688446 6.54 0.395 1.96 4.46 8.12 0.42 7.96 33.44
482861.19772111 484116.244795147 6.29 0.51 2.48 5.69 39 0.66 6.92 42.55
482870.074381684 484118.453706471 6.36 0.529 2.27 6.69 31 0.54 7.37 31.85
482880.061022069 484122.873128896 6.30 0.556 2.39 6.81 26 0.47 5.48 24.40
482888.937681372 484125.082042192 6.32 0.389 2.33 7.03 37 0.31 7.44 36.01
482897.814567275 484128.396325597 6.40 0.353 2.14 5.48 19 0.25 6.91 31.71
482862.3033782 484097.453290504 6.17 0.342 2.08 5.61 15 0.36 4.16 26.15
482872.29002151 484101.872712078 6.33 0.396 1.97 5.17 24 0.40 6.37 35.95
482883.38596227 484105.18653749 6.30 0.382 2.14 6.14 17 0.28 4.48 32.40
482891.153324713 484108.5010484 6.79 0.422 1.87 5.3 11 0.19 8.92 34.43
482901.139510959 484110.709735002 6.21 0.455 2.08 5.12 16 0.27 5.26 25.87
482865.628315859 484079.7666984 6.24 0.507 2.33 6.15 11 0.33 4.75 23.20
482875.614733688 484083.080751246 6.35 0.431 2.49 5.62 21 0.29 6.03 35.93
482885.601377932 484087.500174438 6.57 0.347 2.19 4.96 24 0.39 7.44 33.92
482895.587793965 484090.814229625 6.63 0.442 2.08 5.97 29 0.41 8.62 31.19
482904.464683186 484094.128513831 6.34 0.552 2.50 6.31 18 0.40 5.92 23.24
482870.062554044 484060.974509077 6.29 0.508 2.61 6.19 16 0.34 5.13 26.54
482880.049201216 484065.393931683 6.31 0.365 2.49 5.43 33 0.45 7.64 28.95
482890.035620114 484068.707986288 6.47 0.387 2.62 5.68 38 0.36 7.89 33.64
482898.912511902 484072.022269975 6.50 0.433 2.25 4.96 41 0.52 9.21 34.50
482907.7896299 484076.441923746 6.47 0.331 2.17 4.88 25 0.42 8.65 25.67
482872.278195806 484044.393514968 6.37 0.417 2.08 5.26 40 0.36 7.76 26.43
482883.373916889 484046.60197144 6.48 0.455 1.68 4.48 20 0.45 9.88 35.28
482894.470545781 484053.231906008 6.56 0.409 1.92 4.97 35 0.31 8.9 22.73
482902.237458497 484054.335679753 6.35 0.479 2.41 6.18 28 0.42 8.03 27.83
482913.333631057 484058.754878453 6.41 0.361 2.27 5.29 31 0.27 7.44 28.00
482874.4936112 484026.707151853 6.36 0.394 2.36 5.47 37 0.30 5.77 27.67
482884.480034928 484030.021205932 6.33 0.396 1.78 5.94 42 0.33 7.56 22.77
482894.466684928 484034.440630338 6.46 0.406 1.92 4.86 21 0.33 7.18 22.77
482903.343580126 484037.754914593 6.41 0.501 2.47 5.41 36 0.41 8.02 28.83
482912.220247718 484039.963830625 6.37 0.482 2.35 5.09 32 0.29 5.04 31.63
482873.380218905 484007.916104365 6.26 0.285 2.04 3.66 12 0.35 5.28 25.25
482884.476399232 484012.335299442 5.78 0.443 2.18 4.28 17 0.28 3.88 27.95
482894.462824224 484015.649354754 6.02 0.549 2.03 3.55 25 0.39 5.14 22.96
482903.33949442 484017.858269918 6.15 0.404 1.97 3.14 20 0.25 5.49 29.10
482912.216390977 484021.172555155 5.87 0.518 2.25 5.07 28 0.17 3.38 33.03
482874.486335748 483991.335338827 5.99 0.313 2.18 4.65 14 0.21 3.09 28.06
482883.363009119 483993.544251958 6.01 0.315 2.07 3.39 35 0.36 5.19 28.41
482894.459190757 483997.963448399 6.02 0.372 2.34 4.68 38 0.30 5.79 30.74
482903.335862822 484000.17236362 6.12 0.323 2.01 3.27 44 13.4 20.79 34.21
482912.212534385 484002.381279772 5.98 0.386 2.17 4.19 15 0.35 3.51 31.25
482868.935060209 483973.650573595 5.96 0.372 1.64 5.72 22 0.38 5.11 30.67
482880.030790755 483975.85902992 5.99 0.430 1.82 5.28 41 0.42 5.41 33.37
482886.688183341 483976.963030587 5.98 0.360 1.05 5.44 37 0.47 5.92 33.51
482898.893894452 483981.381999642 6.06 0.314 1.93 4.87 32 0.27 7.13 33.03
482907.770795039 483984.69628452 5.99 0.376 2.21 5.12 28 0.40 4.67 31.06
482864.493310276 483955.965580396 6.12 0.297 1.66 4.51 20 0.25 5.82 30.55
482874.479742829 483959.279633533 6.01 0.420 1.93 4.92 36 0.28 5.21 29.76
482884.465947346 483961.488318702 5.84 0.595 2.13 5.56 44 0.35 4.48 34.09
482894.451924221 483962.591635916 6.14 0.415 1.08 4.38 37 0.41 5.96 30.78
482904.438127729 483964.800323449 6.04 0.411 1.59 5.08 32 0.33 5.31 33.51
482862.270614738 483938.280130728 6.03 0.382 2.19 5.31 33 0.40 4.84 30.86
482872.256594775 483939.383445383 6.05 0.363 2.14 5.62 36 0.39 4.62 30.80
482881.133273702 483941.592358447 6.19 0.380 1.97 5.87 41 0.35 5.88 25.41
482891.119707225 483944.906413605 6.10 0.43 2.08 6.04 32 0.44 5.27 33.03
482902.215440882 483947.114872986 6.16 0.386 1.94 5.97 37 0.31 5.91 34.44
482857.829089295 483921.700507061 5.96 0.358 2.28 6.29 29 0.28 3.99 31.25
482866.705770528 483923.909418658 5.90 0.437 2.31 7.11 36 0.36 4.56 30.80
482876.691979493 483926.118103033 6.16 0.32 1.88 6.53 46 0.34 5.62 34.51
482886.677960729 483927.221419458 6.13 0.410 2.13 6.89 42 0.40 6.02 32.83
482896.664395711 483930.535475323 6.11 0.418 2.22 6.97 40 0.43 5.39 34.94
482863.372863979 483902.908089956 6.10 0.446 1.09 5.37 42 0.38 6.28 33.30
482883.345513732 483908.430828375 6.24 0.341 0.77 5.85 44 0.39 8.46 17.82
482903.318160679 483913.953571498 6.18 0.352 0.72 5.70 32 0.34 6.37 34.30
482875.574950501 483889.641149909 6.97 0.376 0.83 6.19 23 0.31 9.93 35.79
482895.547375467 483894.058522203 6.31 0.093 1.12 6.44 25 0.35 8.21 31.89
482915.519798152 483898.475899218 6.16 0.414 1.2 6.80 40 0.44 7.12 33.16
482901.092068406 483879.687584539 6.23 0.434 1.29 5.38 37 0.40 8.31 34.30
482918.852238165 483917.266491301 6.20 0.463 1.17 6.51 24 0.47 8.94 35.43
482918.855865843 483934.95239713 6.28 0.455 1.08 6.19 26 0.45 8.41 28.77
482918.860173883 483955.954410399 6.47 0.333 0.80 5.77 31 0.35 9.72 29.58
482922.191704466 483970.323526269 6.58 0.226 1.33 4.98 34 0.30 8.22 27.83
